# Created by Octave 4.2.1, Sat Apr 07 17:14:40 2018 CEST <chris@chris-XPS>
# name: f
# type: matrix
# rows: 1
# columns: 4
 1 0 1 0


# name: g
# type: matrix
# rows: 1
# columns: 3
 1 2 3


# name: lsg
# type: matrix
# rows: 1
# columns: 6
 1 2 4 2 3 0


